2 0.723039 0.468348 0.093385 0.071304
2 0.877233 0.644870 0.080355 0.066087
2 0.187702 0.499652 0.104244 0.064348
2 0.319093 0.546609 0.089042 0.088696
2 0.809909 0.600522 0.080355 0.074783
1 0.521066 0.277043 0.093385 0.057391
1 0.767560 0.376174 0.082526 0.074783
1 0.809909 0.475304 0.080355 0.092174
1 0.647027 0.105739 0.071668 0.066087
1 0.461343 0.151826 0.091213 0.064348
1 0.346240 0.482261 0.078183 0.074783
1 0.258284 0.492696 0.089042 0.081739
1 0.206162 0.414435 0.071668 0.064348
1 0.151868 0.421391 0.049950 0.064348
1 0.754529 0.728348 0.073839 0.066087
1 0.845743 0.739652 0.091213 0.085217
1 0.925011 0.740522 0.084698 0.080000
0 0.613365 0.185739 0.069496 0.069565
0 0.635083 0.323130 0.069496 0.080000
0 0.717609 0.874435 0.104244 0.090435
0 0.817510 0.851826 0.099900 0.097391
0 0.859859 0.932696 0.102072 0.081739
0 0.762130 0.957217 0.119446 0.085565
0 0.471116 0.804870 0.084698 0.073043
0 0.271315 0.767478 0.080355 0.064348
0 0.274572 0.836174 0.086870 0.069565
0 0.318007 0.796174 0.091213 0.059130
0 0.344068 0.739652 0.104244 0.064348
0 0.394019 0.803130 0.073839 0.059130
0 0.316921 0.656174 0.071668 0.064348
0 0.276744 0.606609 0.082526 0.073043
0 0.124722 0.547478 0.082526 0.055652
0 0.278916 0.279652 0.078183 0.062609
0 0.280002 0.362261 0.076011 0.057391
0 0.328866 0.416174 0.069496 0.067826
0 0.467858 0.044870 0.086870 0.066087
0 0.152954 0.689217 0.069496 0.064348
0 0.094317 0.699652 0.065152 0.057391
0 0.334295 0.987652 0.084698 0.024696