0 0.818042 0.177455 0.041274 0.065500
0 0.852830 0.212860 0.047170 0.072582
1 0.813915 0.241185 0.051887 0.076122
1 0.315684 0.623566 0.036557 0.051338
1 0.345755 0.631532 0.042453 0.046027
1 0.768514 0.154441 0.048349 0.065500
2 0.325118 0.550984 0.036557 0.058419
2 0.374646 0.597897 0.050708 0.063730
2 0.335731 0.584619 0.041274 0.054879
2 0.348703 0.520004 0.053066 0.042487
2 0.381722 0.542133 0.031840 0.076122
2 0.450118 0.497876 0.031840 0.058419
2 0.466627 0.449193 0.038915 0.053108
2 0.503184 0.457159 0.041274 0.047798
2 0.523231 0.498761 0.045991 0.074352
2 0.504953 0.545673 0.037736 0.069041
2 0.460731 0.554525 0.041274 0.069041
2 0.560377 0.374841 0.035377 0.049568
2 0.593396 0.347402 0.033019 0.051338
2 0.591038 0.376611 0.049528 0.060190
2 0.586910 0.466011 0.050708 0.069041
2 0.565094 0.417328 0.044811 0.049568
2 0.625236 0.477517 0.051887 0.060190
2 0.622877 0.418213 0.056604 0.069041
2 0.628774 0.373956 0.030660 0.054879
2 0.677712 0.304030 0.038915 0.067271
2 0.699528 0.262428 0.047170 0.069041
2 0.735495 0.253577 0.048349 0.076122
2 0.766156 0.327929 0.031840 0.065500
2 0.736085 0.306685 0.047170 0.083203
2 0.736085 0.364219 0.040094 0.056649
2 0.708373 0.379267 0.045991 0.058419
2 0.836321 0.131427 0.047170 0.083203
2 0.866981 0.156211 0.035377 0.061960
2 0.791509 0.131427 0.044811 0.072582
1 0.777358 0.203124 0.035377 0.081433