2 0.528912 0.653258 0.0630769 0.0919788
2 0.513894 0.888684 0.0694426 0.103824
0 0.751815 0.273216 0.0489474 0.0754871
0 0.733597 0.516884 0.0536986 0.0773862
2 0.601891 0.554266 0.0594177 0.0939158
0 0.337625 0.869859 0.0540884 0.086518
0 0.902945 0.631949 0.0493335 0.0711177
0 0.304245 0.920978 0.0559671 0.0731639
2 0.568119 0.52357 0.0485043 0.0742311
0 0.954119 0.650854 0.0390506 0.0539383
0 0.641713 0.0829736 0.0412935 0.0706397
2 0.737436 0.153659 0.0544324 0.0850758
0 0.364363 0.504733 0.043456 0.0604412
0 0.429076 0.483401 0.0422942 0.0670356
0 0.865442 0.842265 0.0524976 0.0879509
2 0.304771 0.337405 0.0346095 0.0541855
0 0.558946 0.873365 0.0410837 0.0722131
0 0.501661 0.424919 0.0432464 0.0526099
0 0.393136 0.760839 0.0486154 0.0751336
0 0.44987 0.16581 0.0430618 0.071519
0 0.665415 0.667551 0.0509688 0.0622983
0 0.293644 0.38743 0.0384229 0.0582143
0 0.356841 0.943994 0.0475683 0.0634244
2 0.831633 0.207856 0.0614063 0.0979455
0 0.71678 0.455624 0.0539941 0.0862709
0 0.979396 0.944026 0.0409836 0.0904098
2 0.0913962 0.858722 0.0436566 0.0551482
0 0.66376 0.204557 0.0322363 0.0486731
0 0.64354 0.141973 0.0435327 0.0661737
0 0.442536 0.096548 0.0430055 0.0697218
2 0.455414 0.836203 0.0690404 0.0984316
0 0.282772 0.75029 0.0407378 0.0507468
2 0.585285 0.641715 0.0667281 0.0969035
0 0.674841 0.314697 0.0566666 0.088326
0 0.94919 0.709546 0.0446994 0.0705838
2 0.622562 0.319713 0.0544144 0.0757249
2 0.629576 0.381572 0.061624 0.0899568
0 0.608559 0.135905 0.0434169 0.0716868
0 0.627686 0.194453 0.0346954 0.051575
0 0.263532 0.884132 0.0376382 0.0701003
2 0.513152 0.795826 0.0611944 0.0899218
0 0.564332 0.800345 0.0515611 0.0887628
2 0.69637 0.374262 0.055545 0.0969126
0 0.218187 0.662643 0.0373855 0.057019
0 0.801745 0.286495 0.0559428 0.0977202
0 0.924721 0.924765 0.0594803 0.0818936
0 0.4915 0.369782 0.0439702 0.0689833
0 0.978081 0.751525 0.0416698 0.0799907
2 0.453 0.903269 0.0611712 0.070558
0 0.480158 0.13372 0.0402589 0.0684996
0 0.979442 0.362616 0.0410312 0.0791779
0 0.46161 0.428805 0.041171 0.0603314
0 0.767514 0.0309647 0.0362672 0.044792
2 0.521709 0.728394 0.0531248 0.0739891
0 0.279589 0.697864 0.0394858 0.0626946
2 0.759085 0.433052 0.0673068 0.0883017
0 0.895066 0.0951907 0.0464198 0.069946
0 0.377583 0.274197 0.0343326 0.0463911
0 0.274493 0.973055 0.0494459 0.042106
0 0.91453 0.309155 0.0534503 0.0845153
0 0.665082 0.0354088 0.046337 0.0594459
0 0.36683 0.373051 0.0423855 0.0553875
0 0.592457 0.0231595 0.0404039 0.0416888
0 0.250796 0.507001 0.0431967 0.0610879
0 0.991504 0.553878 0.0169913 0.0794222
0 0.630562 0.0214377 0.0428694 0.038516
2 0.437607 0.977778 0.0677213 0.0444432
2 0.747811 0.355289 0.0615878 0.0853588
0 0.981045 0.426881 0.0379074 0.0621586
0 0.453462 0.375275 0.0382401 0.0646745
0 0.986543 0.667101 0.0267903 0.0898558
0 0.379074 0.560074 0.0404368 0.0601897
0 0.938998 0.423091 0.0423935 0.0800945
0 0.735745 0.0416589 0.0436462 0.0589113
0 0.52996 0.375304 0.0398875 0.0657656
2 0.709934 0.237169 0.0668375 0.0943782
0 0.888282 0.366018 0.0456751 0.0714295
0 0.231196 0.540635 0.0358961 0.049985
0 0.334447 0.323612 0.0342992 0.0580581
2 0.645176 0.609322 0.0615617 0.0962942
0 0.970741 0.576738 0.0420007 0.0591493
0 0.339494 0.475673 0.0302838 0.0508
0 0.958984 0.527088 0.0482916 0.0619289
0 0.296202 0.634641 0.0429952 0.0745608
0 0.417911 0.616813 0.0363985 0.0477758
0 0.402612 0.513543 0.0379848 0.0537171
0 0.308816 0.526477 0.032391 0.0509954
0 0.471177 0.317789 0.0357735 0.0617527
0 0.939336 0.97782 0.0645102 0.0433198
0 0.243129 0.713387 0.0397422 0.0581141
0 0.343861 0.729358 0.0432373 0.072381
0 0.103505 0.90703 0.0387119 0.0562814
0 0.671769 0.104772 0.0300716 0.0490168
0 0.394498 0.460292 0.0422292 0.0619596
0 0.959856 0.308528 0.0399359 0.0692327
2 0.714282 0.109108 0.0544803 0.0683917
0 0.600901 0.868021 0.0241153 0.0532381
0 0.420327 0.376138 0.0416206 0.0731215
0 0.940813 0.592598 0.0280125 0.0664577
2 0.775167 0.202508 0.056106 0.0915161
2 0.693125 0.173373 0.0481665 0.0731906
0 0.43835 0.322239 0.0349169 0.0542031
2 0.67939 0.522573 0.066351 0.0964757
0 0.259224 0.651658 0.0403827 0.0613523
2 0.769588 0.102309 0.0639284 0.0984288
0 0.348343 0.793179 0.0491283 0.0643031
2 0.392015 0.232267 0.0414655 0.0510154
0 0.519793 0.090752 0.0440359 0.0524372
0 0.91748 0.705813 0.0377347 0.0618857
0 0.968884 0.622174 0.0411584 0.0554592
0 0.208787 0.916219 0.030862 0.0723109
0 0.254133 0.449674 0.0491216 0.0662922
0 0.928109 0.206038 0.0331635 0.0546308
0 0.23136 0.616389 0.0315627 0.049393
0 0.198613 0.738823 0.0440422 0.0575465
0 0.164043 0.720121 0.0344603 0.0515192
0 0.987932 0.488936 0.023627 0.0672745
0 0.413458 0.268637 0.0434174 0.0589954
0 0.446973 0.578687 0.0346432 0.0529262
0 0.511462 0.154243 0.0398975 0.0699125
2 0.583372 0.400241 0.0546819 0.0909863
2 0.664579 0.43432 0.0615602 0.100776
2 0.523488 0.561678 0.0515411 0.088425
2 0.437253 0.976788 0.067411 0.0464234
0 0.903117 0.631786 0.0496841 0.070744
0 0.950191 0.709125 0.0448795 0.0670441
2 0.832416 0.206292 0.0604361 0.0956722
0 0.453715 0.373658 0.0391763 0.0628959
0 0.925408 0.92463 0.0597914 0.0749614
0 0.752158 0.273124 0.047149 0.0757891
2 0.629194 0.380525 0.0615032 0.0884742
0 0.643381 0.14445 0.0426056 0.0676844
0 0.64178 0.0830114 0.0402127 0.0668624
0 0.337164 0.869318 0.0502201 0.0859275
0 0.364079 0.50427 0.0441804 0.0628235
2 0.697577 0.374935 0.055817 0.0931804
2 0.75937 0.431722 0.0671548 0.0866044
0 0.303465 0.921383 0.0549563 0.072864
0 0.960613 0.307743 0.0393842 0.0701982
0 0.979909 0.945961 0.0401825 0.0927923
0 0.954059 0.652068 0.0411008 0.0554234
0 0.801397 0.286602 0.0551735 0.0971594
2 0.58323 0.400446 0.0534033 0.0932046
0 0.472793 0.317026 0.0398778 0.0613956
2 0.710452 0.236682 0.0657562 0.0983154
0 0.449949 0.166234 0.0428905 0.0714411
2 0.456136 0.834347 0.0637164 0.0986553
0 0.915875 0.308771 0.0547313 0.0882728
0 0.462093 0.427696 0.0410635 0.0614442
2 0.512675 0.797297 0.0608029 0.0892088
0 0.491896 0.369683 0.0444072 0.070178
0 0.559193 0.872891 0.0402367 0.0720514
0 0.979915 0.363537 0.0401704 0.0800649
0 0.529416 0.373935 0.0388306 0.0667729
0 0.67482 0.315133 0.0559631 0.0882449
2 0.775954 0.202626 0.0548997 0.0930605
0 0.21756 0.662107 0.0368307 0.058417
0 0.732758 0.515621 0.0525265 0.0775929
0 0.429572 0.482287 0.0418958 0.0649505
2 0.737982 0.151862 0.05429 0.0866672
2 0.747555 0.353711 0.0604501 0.0870588
2 0.522747 0.56043 0.0495062 0.0867404
2 0.567846 0.524845 0.0460693 0.0823906
2 0.513762 0.888218 0.0664565 0.102914
0 0.501378 0.424348 0.043216 0.0542908
0 0.442802 0.0976469 0.0453455 0.0692347
2 0.645244 0.606507 0.0609174 0.094878
0 0.938853 0.424137 0.0427435 0.0835992
2 0.621464 0.320857 0.0519254 0.0763356
0 0.280051 0.698412 0.0402431 0.0652919
2 0.468943 0.744906 0.0634399 0.0981733
0 0.664524 0.0368701 0.0458618 0.0588677
0 0.888015 0.365844 0.0475569 0.0685914
0 0.958548 0.526552 0.0495734 0.0599408
0 0.865065 0.841621 0.0521753 0.0852551
2 0.665186 0.432737 0.0613245 0.0968475
2 0.52952 0.652596 0.0612276 0.0923129
0 0.991336 0.553162 0.017307 0.0787436
0 0.979547 0.751539 0.0409065 0.0820776
0 0.519442 0.0904329 0.0436804 0.0567272
0 0.392669 0.761066 0.0466576 0.0710447
0 0.606888 0.137205 0.0408746 0.0708755
2 0.692936 0.171736 0.048781 0.0737837
0 0.479912 0.133238 0.0413743 0.0689192
0 0.343364 0.72955 0.0438501 0.0725223
0 0.986601 0.668076 0.0267981 0.0914151
2 0.604458 0.554615 0.0606187 0.0956354
0 0.980401 0.427427 0.0391981 0.0629191
0 0.103936 0.906989 0.0389469 0.0555528
0 0.295239 0.634331 0.0417847 0.0723434
0 0.665909 0.666575 0.0482135 0.0651376
0 0.41395 0.270324 0.043792 0.0644824
2 0.585136 0.639435 0.0648172 0.100064
0 0.365964 0.373516 0.042494 0.0547596
2 0.771877 0.103461 0.0633844 0.0968584
0 0.56477 0.801527 0.050486 0.0825973
0 0.393801 0.458971 0.0420538 0.0610945
2 0.822919 0.139602 0.0641339 0.0858234
2 0.713992 0.109479 0.0526703 0.0684877
2 0.520244 0.72719 0.0516052 0.0732105
0 0.402116 0.514516 0.0371024 0.0545759
0 0.293177 0.387659 0.0390468 0.0589998
0 0.939834 0.978443 0.0660831 0.0431149
0 0.250465 0.506434 0.0438919 0.0608702
0 0.94084 0.591173 0.0276263 0.0660531
2 0.679725 0.521939 0.0652692 0.0967419
0 0.482843 0.0648246 0.0387245 0.0682979
0 0.928522 0.205184 0.0343015 0.055201
0 0.347325 0.793051 0.0475912 0.0638182
0 0.163031 0.720417 0.0343988 0.0540954
2 0.453382 0.902785 0.0594986 0.0708474
2 0.0912893 0.857395 0.0417124 0.0535112
0 0.969693 0.620536 0.0435699 0.0541921
0 0.968515 0.207046 0.0547244 0.0747655
0 0.600863 0.866655 0.0229927 0.0473606
0 0.258198 0.650868 0.0417629 0.06206
0 0.263542 0.884816 0.0374186 0.0676045
0 0.420953 0.375752 0.0418512 0.0718215
0 0.139363 0.778724 0.0419234 0.0652275
0 0.232273 0.538674 0.0339693 0.0480113
0 0.670787 0.104478 0.0313806 0.0521655
0 0.991202 0.131913 0.0173434 0.104911
0 0.871789 0.215821 0.0459714 0.095136
0 0.357188 0.942855 0.0473247 0.0625661
0 0.198557 0.738884 0.0454392 0.0619814
0 0.379795 0.325519 0.0444881 0.0654786
0 0.970492 0.575809 0.0428076 0.0586128
2 0.304161 0.336093 0.0348434 0.0551525
0 0.628123 0.19398 0.0347986 0.0522391
0 0.514405 0.153452 0.0435042 0.0680731
0 0.243216 0.711413 0.0416557 0.0601623
2 0.391019 0.231042 0.0373515 0.0531941
0 0.25366 0.450761 0.0499474 0.0645208
2 0.247875 0.935879 0.0455022 0.0628368
0 0.767267 0.0313786 0.0386707 0.045832
0 0.437684 0.320854 0.0347961 0.0571209
0 0.893916 0.0969305 0.0496651 0.0660155
0 0.334685 0.323184 0.035183 0.0591884
0 0.180294 0.950773 0.0442436 0.0639213
0 0.987406 0.297339 0.0251889 0.065401
0 0.66339 0.205174 0.0324088 0.0493776
0 0.717017 0.454646 0.0532234 0.0830862
0 0.339154 0.476994 0.0289079 0.0507782
0 0.735775 0.0398154 0.0436374 0.0576354
2 0.621946 0.70162 0.0604427 0.105955
0 0.281963 0.74972 0.043205 0.0512505
2 0.385919 0.706198 0.0446896 0.068218
0 0.41697 0.616514 0.0357103 0.0510307
0 0.427398 0.220621 0.0435796 0.0603775
0 0.916919 0.706351 0.039193 0.0607024
0 0.308738 0.528209 0.0347158 0.0533238
2 0.328878 0.381109 0.0397224 0.0606785
0 0.121052 0.823357 0.0402968 0.0579169
0 0.446582 0.579998 0.0372257 0.0535281
0 0.180467 0.683362 0.0442002 0.0647808
0 0.0124081 0.883417 0.0248162 0.0545063
0 0.629331 0.0221012 0.0426326 0.0350375
0 0.273804 0.973348 0.0485608 0.0441482
0 0.390346 0.190159 0.0366361 0.0480662
0 0.372245 0.419156 0.0282265 0.038616
0 0.403033 0.422492 0.0419038 0.0540649
0 0.592421 0.0226138 0.043288 0.0418836
0 0.263912 0.40574 0.0329076 0.0560832
0 0.379549 0.559481 0.0422457 0.0584655
0 0.399394 0.430504 0.0427736 0.0705134
0 0.230636 0.616689 0.0319797 0.0504164
0 0.360102 0.235154 0.0326352 0.0550774
0 0.331468 0.213085 0.0395155 0.0628889
0 0.986338 0.488977 0.027012 0.0681421
0 0.992472 0.248798 0.0147609 0.080643
0 0.0981703 0.97832 0.0376361 0.0393645
