2 0.496128 0.519379 0.038080 0.022360
2 0.518894 0.487702 0.040564 0.028571
2 0.530898 0.411304 0.024835 0.031056
2 0.557388 0.415031 0.038080 0.036025
2 0.556974 0.439255 0.037253 0.024845
2 0.526758 0.437391 0.036425 0.016149
2 0.608300 0.472174 0.047187 0.028571
2 0.570634 0.467516 0.038080 0.026708
2 0.559044 0.492360 0.044703 0.026708
2 0.536692 0.470000 0.039736 0.022981
0 0.575601 0.176708 0.029802 0.032919
0 0.552421 0.198758 0.043047 0.029814
0 0.574773 0.210248 0.044703 0.029193
0 0.568564 0.239441 0.028974 0.030435
0 0.552007 0.231677 0.022352 0.021118
0 0.549110 0.257143 0.019868 0.024845
0 0.544971 0.324845 0.026491 0.027329
0 0.559872 0.339441 0.023179 0.029193
0 0.574359 0.363354 0.032286 0.023602
0 0.547454 0.359938 0.028146 0.022981
0 0.579326 0.390683 0.033941 0.028571
0 0.545799 0.387267 0.044703 0.024224
0 0.525103 0.449689 0.039736 0.022360
0 0.508546 0.465528 0.026491 0.019255
0 0.588432 0.431366 0.040564 0.026708
0 0.613267 0.437888 0.048842 0.021118
0 0.621131 0.452174 0.048014 0.017391
0 0.596710 0.494410 0.030630 0.032298
0 0.578084 0.532609 0.026491 0.024224
0 0.571461 0.513354 0.033113 0.021739
0 0.534209 0.503106 0.034769 0.028571
0 0.519722 0.522981 0.030630 0.024845
0 0.548696 0.523913 0.028974 0.024224
0 0.557802 0.540373 0.032286 0.024845
0 0.531311 0.547205 0.035597 0.022360
0 0.492403 0.535714 0.037253 0.019255
0 0.491575 0.552795 0.025663 0.021118
0 0.516824 0.567391 0.041392 0.032919
0 0.470466 0.604348 0.029802 0.021118
0 0.473777 0.558696 0.049670 0.022981
0 0.469224 0.575776 0.027319 0.019876
0 0.488264 0.576708 0.014073 0.027950