0 0.112854 0.112384 0.060142 0.101256
0 0.068632 0.115936 0.080189 0.087045
0 0.285024 0.040648 0.055425 0.081296
0 0.371108 0.911776 0.062500 0.087045
0 0.464858 0.963438 0.051887 0.073124
0 0.408255 0.929540 0.051887 0.094151
0 0.553891 0.779432 0.053066 0.081716
0 0.535613 0.693275 0.054245 0.083492
0 0.497288 0.656859 0.053066 0.067504
0 0.471344 0.712816 0.048349 0.072834
0 0.672406 0.902005 0.094340 0.110138
0 0.657075 0.967879 0.087264 0.064242
0 0.612264 0.544944 0.049528 0.063951
0 0.639976 0.587578 0.053066 0.078163
0 0.616391 0.636430 0.034198 0.047964
0 0.599292 0.610671 0.047170 0.067504
0 0.138797 0.162124 0.064858 0.101256
0 0.198939 0.222522 0.022406 0.051516
0 0.224292 0.229628 0.030660 0.055069
0 0.341038 0.050209 0.042453 0.065728
0 0.391156 0.026227 0.055425 0.049740
0 0.906486 0.073302 0.067217 0.108362
0 0.760259 0.108831 0.088443 0.119021
0 0.672995 0.323778 0.041274 0.058622
0 0.691274 0.390394 0.049528 0.071057
0 0.277948 0.270486 0.031840 0.044411
0 0.977123 0.024660 0.045754 0.049320
0 0.721344 0.076855 0.055425 0.065728
0 0.714269 0.155906 0.057783 0.088821
0 0.131132 0.461452 0.030660 0.046187
0 0.131132 0.500533 0.037736 0.039081
1 0.069811 0.033333 0.073113 0.063951
1 0.080425 0.906447 0.075472 0.111915
1 0.462500 0.045977 0.070755 0.091954
1 0.404717 0.101725 0.080189 0.101256
1 0.414151 0.200317 0.077830 0.099480
1 0.365212 0.197652 0.036557 0.079939
1 0.450118 0.238510 0.086085 0.094151
1 0.465448 0.136365 0.074292 0.099480
1 0.562146 0.123042 0.074292 0.115468
1 0.821580 0.951003 0.095519 0.097994
1 0.731368 0.940344 0.103774 0.119312
1 0.710731 0.766997 0.079009 0.117244
1 0.721344 0.699493 0.045991 0.024870
1 0.744340 0.806967 0.058962 0.108362
1 0.621698 0.759003 0.077830 0.119021
1 0.657665 0.814961 0.100236 0.135008
1 0.504363 0.766109 0.064858 0.076386
1 0.132311 0.957075 0.094340 0.081716
1 0.057429 0.973951 0.079009 0.044411
1 0.028538 0.932350 0.056604 0.135300
1 0.040330 0.838054 0.070755 0.092374
1 0.098703 0.832725 0.057783 0.074610
1 0.122288 0.774103 0.069575 0.110138
1 0.217807 0.898453 0.076651 0.131456
1 0.145873 0.873583 0.074292 0.103033
1 0.187146 0.786538 0.074292 0.106586
1 0.218986 0.678176 0.086085 0.127903
1 0.309788 0.758115 0.069575 0.117244
1 0.272052 0.805190 0.074292 0.108362
1 0.211321 0.304238 0.030660 0.055069
1 0.184198 0.273150 0.040094 0.042634
1 0.312146 0.210975 0.043632 0.049740
1 0.322170 0.239398 0.040094 0.046187
1 0.317453 0.274038 0.037736 0.033752
1 0.254953 0.177223 0.044811 0.046187
1 0.249646 0.247392 0.022406 0.047964
1 0.222524 0.262492 0.034198 0.035529
1 0.252594 0.107054 0.042453 0.069281
1 0.346934 0.136365 0.051887 0.042634
1 0.470755 0.329996 0.080189 0.103033
1 0.426533 0.377071 0.053066 0.030199
1 0.425943 0.442799 0.073113 0.101256
1 0.366981 0.463228 0.063679 0.099480
1 0.336321 0.514744 0.033019 0.039081
1 0.322170 0.557379 0.077830 0.095927
1 0.391156 0.534285 0.071934 0.099480
1 0.418868 0.640871 0.077830 0.138561
1 0.400590 0.671958 0.064858 0.104809
1 0.345755 0.626659 0.058962 0.071057
1 0.289741 0.473887 0.048349 0.063951
1 0.230189 0.525403 0.035377 0.039081
1 0.719575 0.556490 0.051887 0.108362
1 0.533844 0.576919 0.062500 0.078163
1 0.479009 0.551161 0.070755 0.111915
1 0.502594 0.484545 0.068396 0.099480
1 0.476651 0.397500 0.084906 0.117244
1 0.532075 0.250945 0.084906 0.097703
1 0.563325 0.357531 0.088443 0.115468
1 0.567453 0.503198 0.087264 0.104809
1 0.562146 0.433029 0.074292 0.056846
1 0.621698 0.420594 0.063679 0.120797
1 0.642335 0.476551 0.074292 0.111915
1 0.624057 0.308679 0.073113 0.124350
1 0.809198 0.530732 0.080189 0.135008
1 0.770873 0.415264 0.090802 0.117244
1 0.741391 0.315784 0.095519 0.131456
1 0.678891 0.235845 0.079009 0.106586
1 0.655896 0.139030 0.077830 0.129679
1 0.365802 0.287362 0.033019 0.060399
1 0.389387 0.287362 0.042453 0.049740
1 0.834552 0.472110 0.079009 0.145667
1 0.895283 0.474775 0.082547 0.111915
1 0.869929 0.371742 0.097877 0.119021
1 0.893514 0.339766 0.071934 0.094151
1 0.869929 0.257162 0.088443 0.127903
1 0.780896 0.220746 0.080189 0.129679
1 0.937146 0.123042 0.062500 0.097703
1 0.871698 0.137254 0.054245 0.097703
1 0.819811 0.111495 0.040094 0.092374
1 0.779127 0.064420 0.057783 0.111915
1 0.820991 0.044201 0.075472 0.088402
1 0.872877 0.134589 0.056604 0.095927
1 0.899410 0.009351 0.060142 0.012435