0 0.064702 0.671826 0.129404 0.206957
0 0.189003 0.703130 0.121605 0.200000
2 0.072528 0.481391 0.145056 0.226087
2 0.277498 0.544000 0.117993 0.194783
2 0.384053 0.521391 0.152910 0.229565
2 0.462314 0.726609 0.150502 0.226087
2 0.421980 0.424870 0.105953 0.161739
2 0.486395 0.391826 0.114381 0.133913
2 0.519505 0.511826 0.134849 0.200000
2 0.551411 0.670957 0.131237 0.191304
2 0.662783 0.635304 0.132441 0.186087
2 0.615826 0.483130 0.077057 0.153043
2 0.557431 0.324870 0.121605 0.222609
2 0.674823 0.502261 0.093913 0.146087
2 0.707933 0.430957 0.111973 0.191304
2 0.880709 0.559652 0.089097 0.142609
2 0.122181 0.864000 0.158930 0.222609