0 0.337500 0.878204 0.070755 0.076351
0 0.324528 0.795638 0.099057 0.085229
0 0.313915 0.721063 0.068396 0.088780
0 0.356368 0.705083 0.051887 0.124292
0 0.385259 0.747697 0.067217 0.117190
0 0.395283 0.839141 0.058962 0.094107
0 0.447759 0.859560 0.064858 0.099434
0 0.443632 0.767229 0.066038 0.106536
0 0.480189 0.736156 0.044811 0.083454
0 0.432429 0.687326 0.034198 0.081678
0 0.394693 0.671346 0.064858 0.120741
0 0.637028 0.396127 0.035377 0.049717
0 0.648821 0.472478 0.070755 0.106536
0 0.640566 0.531073 0.070755 0.134946
0 0.565684 0.622517 0.076651 0.126068
0 0.520283 0.674897 0.087264 0.120741
0 0.434198 0.568361 0.063679 0.085229
0 0.485495 0.595883 0.081368 0.104761
0 0.454835 0.519532 0.076651 0.101210
0 0.475472 0.443181 0.073113 0.104761
0 0.580425 0.346410 0.068396 0.106536
0 0.579835 0.435190 0.062500 0.110088
0 0.582193 0.522195 0.067217 0.092332
0 0.521462 0.500888 0.089623 0.127844
0 0.743750 0.156420 0.079009 0.113639
0 0.803891 0.090723 0.071934 0.163356
0 0.739623 0.060537 0.063679 0.085229
0 0.773821 0.036567 0.037736 0.065697
0 0.820991 0.151093 0.033019 0.053268
0 0.838090 0.213240 0.081368 0.113639
0 0.806250 0.269171 0.064858 0.158029
0 0.754363 0.262069 0.100236 0.129619
1 0.535024 0.320664 0.081368 0.097658
1 0.520283 0.405005 0.073113 0.106536