2 0.143743 0.308348 0.203725 0.231304
2 0.205774 0.470087 0.171077 0.252174
2 0.351385 0.417913 0.182830 0.266087
2 0.340285 0.168348 0.218090 0.229565
2 0.509403 0.326609 0.057461 0.083478
2 0.582535 0.355304 0.047013 0.064348
2 0.740552 0.221391 0.036566 0.043478
2 0.764059 0.257043 0.060073 0.073043
2 0.790177 0.300522 0.047013 0.062609
2 0.784954 0.657913 0.067908 0.081739
2 0.966915 0.732696 0.066170 0.088696
2 0.919901 0.857217 0.160197 0.285565
2 0.803890 0.804000 0.139734 0.182609
2 0.682438 0.695304 0.045708 0.059130
1 0.044492 0.348348 0.088803 0.259130
1 0.735328 0.402261 0.031342 0.088696
1 0.758835 0.342261 0.065296 0.090435
1 0.892693 0.335304 0.032648 0.059130
1 0.570781 0.310957 0.054849 0.080000
0 0.521809 0.788348 0.160629 0.245217
0 0.441494 0.817043 0.127981 0.233043
0 0.606694 0.791826 0.113616 0.182609
0 0.756223 0.958087 0.211560 0.083826
0 0.576658 0.573565 0.131899 0.205217
0 0.647178 0.428348 0.155406 0.186087
0 0.409499 0.293565 0.134511 0.132174
0 0.134601 0.072870 0.159323 0.145739
0 0.040529 0.039826 0.081058 0.079652
0 0.169861 0.151826 0.101862 0.095652
0 0.314819 0.613565 0.073132 0.104348
0 0.412764 0.544000 0.062685 0.076522
0 0.444106 0.607478 0.052237 0.078261
0 0.395134 0.609217 0.053543 0.057391
0 0.406234 0.660522 0.052237 0.045217