0 0.073349 0.621321 0.070755 0.128302
0 0.082783 0.473208 0.061321 0.092453
0 0.309198 0.499623 0.061321 0.100000
0 0.268514 0.501509 0.057783 0.088679
0 0.275590 0.606226 0.064858 0.064151
0 0.330425 0.669434 0.066038 0.073585
0 0.332783 0.627925 0.061321 0.073585
0 0.368750 0.814717 0.069575 0.100000
0 0.348703 0.737358 0.060142 0.069811
0 0.401179 0.755283 0.063679 0.105660
0 0.433019 0.769434 0.037736 0.077358
0 0.491981 0.896792 0.073113 0.116981
0 0.448349 0.937358 0.061321 0.103774
0 0.538561 0.902453 0.067217 0.083019
0 0.622877 0.955283 0.070755 0.079245
0 0.582783 0.983302 0.051887 0.033396
0 0.661792 0.937358 0.049528 0.081132
0 0.616391 0.862830 0.062500 0.094340
0 0.695401 0.532642 0.060142 0.083019
0 0.657665 0.479811 0.043632 0.067925
0 0.619929 0.408113 0.050708 0.083019
0 0.657075 0.411887 0.049528 0.064151
0 0.661792 0.377925 0.035377 0.045283
0 0.695991 0.456226 0.033019 0.081132
2 0.547406 0.534528 0.056604 0.094340
2 0.526179 0.445849 0.049528 0.113208
2 0.565684 0.442075 0.053066 0.113208
2 0.459552 0.473208 0.079009 0.103774
2 0.438915 0.544906 0.068396 0.100000
2 0.392925 0.576981 0.061321 0.107547
2 0.364033 0.470377 0.055425 0.116981
2 0.519693 0.813774 0.074292 0.105660