2 0.299055 0.827173 0.043815 0.0470782
2 0.0909343 0.701381 0.041714 0.0523574
0 0.817899 0.639717 0.029899 0.0408192
0 0.865318 0.642365 0.030007 0.0341466
2 0.579992 0.687463 0.0442239 0.0543346
0 0.0915366 0.832157 0.0434765 0.0561479
0 0.296609 0.578477 0.0303022 0.0352281
2 0.651299 0.795662 0.0414682 0.0418886
2 0.651819 0.836285 0.0462172 0.0578461
2 0.67578 0.944108 0.041523 0.0619177
2 0.0528893 0.77033 0.0349018 0.037534
0 0.663524 0.129675 0.0300385 0.0431358
2 0.543204 0.600107 0.0359998 0.0509277
0 0.419912 0.485917 0.030305 0.0426039
0 0.507852 0.385945 0.0282838 0.0378476
2 0.616228 0.818064 0.0362321 0.0512238
0 0.168254 0.794284 0.0362585 0.0513348
0 0.841285 0.64312 0.023208 0.0328701
0 0.788782 0.0976505 0.0299747 0.0418592
2 0.19792 0.906133 0.0481495 0.052099
0 0.625819 0.308835 0.0333193 0.043265
0 0.884905 0.698724 0.0298622 0.0428333
2 0.322765 0.757833 0.0407608 0.0564573
2 0.644732 0.960159 0.0429236 0.056051
0 0.818873 0.490631 0.0229041 0.0288655
0 0.950524 0.376537 0.0343037 0.0479753
0 0.584549 0.281945 0.0287869 0.0391996
0 0.815061 0.74796 0.0335843 0.0417796
0 0.377687 0.4277 0.0253899 0.0271312
0 0.258565 0.58654 0.027761 0.0376951
0 0.195013 0.596891 0.0296051 0.0372599
0 0.31931 0.561214 0.0289339 0.0413867
2 0.538992 0.765197 0.0382617 0.0467393
2 0.226026 0.809131 0.0325925 0.0417315
0 0.44313 0.464715 0.0310728 0.0457996
2 0.88905 0.27319 0.0316476 0.0427835
0 0.438476 0.188164 0.0279953 0.0453529
2 0.964197 0.301432 0.0385359 0.0535401
0 0.148133 0.834213 0.0322286 0.0341083
2 0.242958 0.779312 0.0386333 0.054708
2 0.123211 0.174633 0.0364619 0.044875
0 0.697019 0.284673 0.0332901 0.048532
2 0.702893 0.233534 0.0365048 0.0516224
0 0.842695 0.487676 0.0215021 0.0214386
0 0.908443 0.688126 0.0264391 0.03217
0 0.775151 0.278541 0.0315375 0.0424441
0 0.737916 0.119126 0.0281985 0.0399773
0 0.48692 0.207688 0.0325298 0.0387754
2 0.340274 0.805271 0.0426109 0.0497363
2 0.315589 0.863169 0.0306368 0.0362152
0 0.657846 0.38146 0.0318295 0.0454021
2 0.515799 0.623016 0.0340363 0.0392483
2 0.548647 0.665816 0.0342508 0.0442226
2 0.615883 0.771562 0.0476273 0.0551485
0 0.137102 0.852322 0.0317326 0.0449569
2 0.271081 0.855852 0.0431157 0.0558099
2 0.344106 0.70003 0.0429855 0.0580151
2 0.589568 0.847887 0.0395346 0.0542544
0 0.608635 0.267947 0.0303111 0.0398065
0 0.151166 0.826654 0.0304859 0.0381553
0 0.716875 0.0980974 0.0268881 0.0409673
0 0.83356 0.613334 0.028533 0.0353746
2 0.182886 0.75415 0.0346009 0.0470921
2 0.0231804 0.116081 0.0373075 0.0456266
0 0.530745 0.394463 0.0251158 0.0341837
0 0.0995237 0.502964 0.0353254 0.0370668
0 0.726151 0.764293 0.0271021 0.0345274
0 0.249924 0.234222 0.0321053 0.0436556
0 0.621255 0.109861 0.0233076 0.0387344
0 0.702713 0.751348 0.0285727 0.0405418
2 0.564896 0.730074 0.0406216 0.0535844
2 0.613068 0.940965 0.0467752 0.0576522
0 0.247779 0.267398 0.0292212 0.0339053
2 0.892296 0.309795 0.0357762 0.0472692
0 0.460793 0.167998 0.0321883 0.0418555
0 0.192985 0.451237 0.0324724 0.0408781
0 0.78495 0.0611264 0.0277853 0.0369333
0 0.159335 0.640731 0.0228498 0.0310693
0 0.356468 0.429712 0.0235313 0.0283691
2 0.0486303 0.0910206 0.0407545 0.0580907
0 0.346404 0.591323 0.0290294 0.0382884
0 0.662927 0.891935 0.0379456 0.0541164
2 0.742249 0.227483 0.0323889 0.0426095
0 0.726981 0.801137 0.030896 0.0364423
0 0.381462 0.742722 0.0431895 0.0618626
0 0.827932 0.667641 0.025385 0.0274843
2 0.0838854 0.779069 0.0382304 0.0525097
0 0.761085 0.585165 0.0267395 0.0442995
0 0.569248 0.342443 0.0331534 0.0496051
0 0.82349 0.300183 0.0338104 0.0402986
0 0.800289 0.495522 0.020282 0.0252448
0 0.39438 0.416119 0.0245364 0.026677
0 0.167563 0.933832 0.0353505 0.0531254
2 0.260805 0.815034 0.0390239 0.0400106
0 0.411928 0.196314 0.0262944 0.0492942
0 0.459487 0.761781 0.0306051 0.0447975
0 0.370869 0.225735 0.0267085 0.0310899
0 0.255951 0.909089 0.0458913 0.0521647
0 0.405972 0.30503 0.0257535 0.0367688
2 0.857979 0.279241 0.0353806 0.0517378
0 0.916365 0.661833 0.0248726 0.0312994
2 0.0268327 0.46353 0.02701 0.0340849
0 0.240938 0.206044 0.0363023 0.037638
2 0.0963722 0.452989 0.0300011 0.0352934
0 0.287409 0.551796 0.0257162 0.0334599
0 0.850849 0.674082 0.023327 0.0326451
2 0.352579 0.769942 0.0359984 0.0467438
2 0.599844 0.636529 0.0255038 0.0408665
2 0.622137 0.705676 0.045269 0.0566774
2 0.189031 0.846827 0.0527616 0.0681088
2 0.669871 0.264797 0.0327191 0.0470337
2 0.514008 0.573265 0.0312261 0.0396303
2 0.0906619 0.190032 0.0344339 0.0428486
0 0.564563 0.128627 0.0282592 0.0503668
0 0.278623 0.235615 0.0282479 0.0374816
0 0.265711 0.625865 0.0317011 0.0427494
2 0.802405 0.876678 0.0269551 0.0357056
0 0.557389 0.809702 0.0401933 0.0511566
0 0.862032 0.317214 0.0344931 0.0439536
0 0.560561 0.389928 0.0279681 0.0376777
0 0.592284 0.32188 0.0246391 0.0329576
2 0.0288526 0.433624 0.027545 0.0287624
0 0.359116 0.260585 0.0341321 0.0426838
0 0.861194 0.483939 0.0207793 0.0203952
2 0.281778 0.781198 0.043007 0.0592671
0 0.230628 0.867397 0.0461014 0.0668467
0 0.810021 0.0820409 0.0297566 0.0428864
2 0.322302 0.297746 0.0296991 0.0334689
0 0.5743 0.642393 0.037391 0.0465684
0 0.900394 0.654989 0.0251318 0.0334672
2 0.0143341 0.0834464 0.0277407 0.0319024
2 0.630321 0.254095 0.0310527 0.0436391
0 0.574975 0.272089 0.0382394 0.0489526
0 0.825114 0.631027 0.0215222 0.0406169
0 0.551322 0.908584 0.0296426 0.0407568
2 0.283775 0.160578 0.0197879 0.0224413
2 0.426088 0.551972 0.0172737 0.0179045
0 0.582465 0.788233 0.0335587 0.0529317
0 0.837593 0.485374 0.0196526 0.0222581
0 0.639362 0.112984 0.0170028 0.0333012
2 0.693563 0.892743 0.0325015 0.0531925
2 0.0910171 0.122909 0.0359597 0.0375136
0 0.290376 0.935957 0.0361728 0.046003
0 0.76422 0.116789 0.0277095 0.0299552
0 0.738733 0.0861474 0.0238464 0.0312726
0 0.438198 0.42429 0.0292164 0.0314143
2 0.110009 0.47168 0.0270468 0.0305589
0 0.861362 0.487354 0.0197768 0.0213131
2 0.651626 0.811138 0.0432275 0.0353476
0 0.950691 0.109332 0.0350806 0.0413857
0 0.79734 0.315336 0.0330022 0.0419287
0 0.644735 0.418938 0.0344098 0.0377697
0 0.683058 0.427096 0.0189175 0.0335764
0 0.913926 0.349372 0.0361938 0.043664
2 0.829763 0.260548 0.0369118 0.0555502
2 0.818192 0.830459 0.0298103 0.0417062
0 0.907276 0.656488 0.0233403 0.0346806
0 0.174035 0.659912 0.0234264 0.0346338
0 0.346255 0.218047 0.025144 0.0283491
0 0.256055 0.620147 0.0299212 0.0347902
0 0.173838 0.613999 0.0251276 0.0335469
0 0.304568 0.70084 0.0455129 0.0579319
2 0.651858 0.828643 0.0430373 0.0439783
0 0.91672 0.721493 0.0353821 0.0399058
2 0.9851 0.271601 0.0295486 0.0551567
0 0.563447 0.295012 0.0264392 0.0325751
2 0.00992851 0.444118 0.019857 0.0386247
0 0.290598 0.572035 0.028016 0.0221229
0 0.394301 0.368398 0.034028 0.0430954
2 0.0130193 0.457019 0.0216908 0.0366105
0 0.604263 0.297675 0.0214673 0.0334272
2 0.355328 0.484383 0.0304134 0.0375711
0 0.667395 0.467402 0.028801 0.0346521
0 0.92907 0.0879004 0.0283846 0.0347415
0 0.303797 0.894779 0.0392092 0.0559395
0 0.383089 0.250265 0.0241748 0.0227512
0 0.608704 0.141789 0.0238159 0.0340949
0 0.910961 0.723147 0.0326685 0.0424345
0 0.390445 0.333194 0.0287163 0.0326971
0 0.13136 0.508741 0.037682 0.0418919
0 0.0588748 0.681272 0.0403339 0.0497784
2 0.0508021 0.143003 0.0408461 0.0505039
0 0.424307 0.761646 0.0312352 0.0373164
0 0.240679 0.314685 0.0200089 0.0302583
2 0.295151 0.297039 0.0279652 0.0314779
0 0.126363 0.957334 0.0422208 0.0556834
0 0.634982 0.144872 0.0267731 0.0349019
0 0.217148 0.569468 0.0307455 0.0416381
