0 0.764696 0.466609 0.153043 0.168696
0 0.535130 0.727478 0.184348 0.175652
0 0.300348 0.884870 0.146087 0.166957
0 0.176000 0.881391 0.147826 0.198261
1 0.086435 0.576174 0.163478 0.196522
2 0.051043 0.670957 0.102086 0.125217
2 0.172522 0.658783 0.179130 0.160000
1 0.238609 0.586609 0.126957 0.140870
2 0.363826 0.600522 0.161739 0.172174
2 0.316000 0.746609 0.194783 0.130435
2 0.392522 0.450087 0.177391 0.194783
2 0.514261 0.438783 0.149565 0.175652
2 0.586435 0.373565 0.200000 0.173913
2 0.741217 0.308348 0.161739 0.172174
2 0.830783 0.274435 0.132174 0.170435
2 0.924087 0.103130 0.151826 0.179130
2 0.894261 0.490087 0.182609 0.149565
2 0.498609 0.584000 0.149565 0.104348
2 0.592522 0.618783 0.083478 0.139130
2 0.065826 0.849217 0.131652 0.206957