0 0.030778 0.016067 0.061556 0.032134
0 0.008373 0.163031 0.016745 0.095519
0 0.036792 0.187795 0.068396 0.095519
0 0.175354 0.185142 0.067217 0.114976
0 0.131722 0.087854 0.060142 0.079599
0 0.320401 0.243514 0.055425 0.143278
0 0.373467 0.272700 0.069575 0.081368
0 0.267925 0.339033 0.049528 0.093750
0 0.387618 0.522995 0.060142 0.093750
0 0.502594 0.649469 0.087264 0.120283
0 0.513797 0.709611 0.071934 0.070755
0 0.611675 0.701651 0.088443 0.122052
0 0.639387 0.759139 0.051887 0.081368
0 0.681840 0.731722 0.068396 0.118514
0 0.615802 0.493809 0.058962 0.077830
0 0.609906 0.446934 0.037736 0.076061
0 0.744929 0.677771 0.048349 0.091981
0 0.771462 0.599941 0.056604 0.088443
0 0.806250 0.711380 0.083726 0.095519
0 0.740802 0.777712 0.070755 0.107901
0 0.718396 0.855542 0.063679 0.104363
0 0.677712 0.881191 0.031840 0.095519
0 0.731958 0.951946 0.067217 0.088443
0 0.763797 0.898880 0.076651 0.095519
0 0.807429 0.967866 0.057783 0.049528
0 0.837500 0.919222 0.080189 0.107901
0 0.806840 0.813974 0.084906 0.109670
0 0.876415 0.847583 0.082547 0.109670
0 0.851061 0.753833 0.053066 0.102594
2 0.026061 0.072818 0.052122 0.099057
2 0.070401 0.071934 0.060142 0.100825
2 0.154717 0.330189 0.073113 0.114976
2 0.204245 0.325767 0.068396 0.134434
2 0.227241 0.395637 0.062500 0.068986
2 0.255542 0.479658 0.088443 0.109670
2 0.286203 0.421285 0.069575 0.120283
2 0.246108 0.228479 0.076651 0.113208
2 0.267335 0.184257 0.045991 0.081368
2 0.418278 0.438974 0.083726 0.120283
2 0.444811 0.548644 0.068396 0.130896
2 0.485495 0.449587 0.071934 0.116745
2 0.556840 0.449587 0.075472 0.137972
2 0.522641 0.541568 0.091981 0.130896
2 0.593396 0.559257 0.070755 0.116745
2 0.639387 0.548644 0.042453 0.042453
2 0.658844 0.609670 0.069575 0.125590
2 0.715448 0.604363 0.069575 0.104363
2 0.325708 0.504422 0.058962 0.099057
2 0.574528 0.662736 0.068396 0.146816
1 0.666509 0.817512 0.073113 0.088443
1 0.148231 0.138267 0.079009 0.102594
1 0.468396 0.400943 0.054245 0.076061