0 0.323098 0.640038 0.0220531 0.0384857
0 0.75136 0.523867 0.024302 0.0366369
0 0.652328 0.899605 0.0229819 0.0362904
0 0.424029 0.356224 0.0186136 0.0295481
0 0.576136 0.653284 0.0205353 0.0360674
0 0.689775 0.617037 0.0201344 0.0295882
0 0.660859 0.519617 0.0207272 0.0351159
0 0.67366 0.893915 0.023562 0.0360588
0 0.304243 0.653462 0.0243084 0.0362511
0 0.337487 0.177254 0.0222963 0.0340851
0 0.406851 0.365104 0.0206645 0.0313439
0 0.217268 0.598177 0.0214682 0.031949
0 0.609473 0.893493 0.0184503 0.0303529
0 0.560594 0.256572 0.0224754 0.0335138
0 0.430401 0.326596 0.0237137 0.0392003
0 0.621825 0.873146 0.0199695 0.0305302
0 0.572988 0.224252 0.0290743 0.0398722
0 0.346404 0.632376 0.0256164 0.0430206
0 0.846971 0.600463 0.0201517 0.0355382
0 0.521056 0.720003 0.0206033 0.0320964
0 0.419943 0.63721 0.0214105 0.0374384
0 0.227616 0.623505 0.0264192 0.0351438
0 0.640555 0.879393 0.0197198 0.0324424
0 0.828363 0.596146 0.0203836 0.0369546
0 0.198086 0.605229 0.0213948 0.0343172
0 0.431216 0.320705 0.0246584 0.0323733
0 0.562872 0.511286 0.0246619 0.0378312
0 0.655601 0.860655 0.0201489 0.0375571
0 0.441577 0.305388 0.0206579 0.0329355
0 0.884258 0.0880311 0.0258171 0.0393913
