1 0.454835 0.453088 0.062500 0.123920
1 0.436557 0.619494 0.094340 0.113298
1 0.420637 0.554879 0.090802 0.097366
1 0.490802 0.522129 0.080189 0.106217
0 0.082783 0.719515 0.080189 0.143393
0 0.109316 0.805374 0.074292 0.134541
0 0.048585 0.773509 0.068396 0.123920
0 0.523231 0.597366 0.071934 0.125690
0 0.542689 0.521243 0.056604 0.111528
0 0.560377 0.543372 0.030660 0.063730
0 0.510849 0.435385 0.073113 0.077892
0 0.485495 0.380506 0.060142 0.092055
0 0.425354 0.387587 0.079009 0.120379
0 0.395873 0.463709 0.076651 0.074352
0 0.375236 0.552223 0.056604 0.092055