2 0.196580 0.950989 0.038915 0.054869
2 0.198349 0.982132 0.056604 0.035736
2 0.167099 0.990982 0.031840 0.018036
2 0.228420 0.954698 0.034198 0.090604
2 0.254953 0.924440 0.047170 0.072569
2 0.272641 0.967087 0.058962 0.065825
2 0.308608 0.985672 0.038915 0.028656
2 0.319222 0.891695 0.045991 0.074339
2 0.323349 0.839481 0.042453 0.054869
2 0.333373 0.801427 0.038915 0.070799
2 0.514387 0.770452 0.061321 0.083189
2 0.490212 0.691688 0.064858 0.088499
2 0.425943 0.624429 0.073113 0.113278
2 0.369340 0.586375 0.080189 0.093809
2 0.361675 0.521771 0.050708 0.099119
2 0.411203 0.535930 0.074292 0.134518
2 0.417689 0.461592 0.070755 0.113278
2 0.462500 0.400527 0.066038 0.086729
2 0.474882 0.529736 0.064858 0.118588
2 0.488443 0.603189 0.070755 0.081419
2 0.549764 0.632394 0.054245 0.069029
2 0.523821 0.584605 0.056604 0.090269
2 0.537382 0.495221 0.074292 0.106198
2 0.498467 0.432387 0.053066 0.097349
2 0.506722 0.345658 0.067217 0.107968
2 0.545637 0.392563 0.071934 0.116818
2 0.567453 0.350083 0.058962 0.092039
2 0.603420 0.420882 0.076651 0.113278
2 0.602241 0.515576 0.081368 0.090269
2 0.581604 0.590800 0.068396 0.092039
2 0.640566 0.232380 0.068396 0.097349
2 0.640566 0.310259 0.056604 0.079649
2 0.685377 0.275744 0.073113 0.106198
2 0.674175 0.195210 0.079009 0.083189
2 0.672995 0.142996 0.062500 0.067259
2 0.727830 0.146536 0.063679 0.109738
2 0.753774 0.126181 0.044811 0.076109
2 0.743750 0.220875 0.071934 0.102659
2 0.790920 0.184591 0.057783 0.090269
2 0.802123 0.269549 0.075472 0.107968
2 0.745519 0.307604 0.075472 0.113278
2 0.703656 0.365128 0.064858 0.100889
2 0.743160 0.397872 0.070755 0.081419
2 0.783255 0.368668 0.066038 0.104428
2 0.796226 0.452742 0.058962 0.046019
2 0.821580 0.410262 0.048349 0.077879
2 0.694222 0.440352 0.048349 0.070799
2 0.650590 0.515576 0.036557 0.037169
2 0.736085 0.468671 0.056604 0.060179
2 0.809788 0.111137 0.041274 0.092039
2 0.840448 0.076622 0.057783 0.093809
2 0.828066 0.014859 0.070755 0.029718
2 0.884080 0.021054 0.069575 0.042108
2 0.954245 0.044948 0.080189 0.089896
2 0.897052 0.081932 0.079009 0.086729
2 0.953656 0.137686 0.083726 0.113278
2 0.941274 0.224415 0.061321 0.088499
2 0.891156 0.181051 0.062500 0.115048
2 0.859906 0.184591 0.030660 0.079649