2 0.011540 0.249027 0.021058 0.040431
2 0.011877 0.291704 0.023753 0.032944
2 0.025017 0.286463 0.021058 0.043426
2 0.038494 0.258011 0.029481 0.043426
2 0.013982 0.331387 0.027964 0.043426
2 0.039336 0.330638 0.027796 0.038934
2 0.083558 0.258011 0.023585 0.043426
2 0.089875 0.320156 0.017689 0.026954
2 0.097877 0.311920 0.025270 0.025457
2 0.050708 0.296945 0.028639 0.034441
2 0.076819 0.296945 0.026954 0.040431
2 0.127144 0.274061 0.026801 0.034305
2 0.138401 0.317419 0.023585 0.035258
2 0.126340 0.312655 0.016617 0.025729
2 0.161181 0.330284 0.018761 0.038117
2 0.165202 0.299790 0.022513 0.038117
2 0.147781 0.290261 0.016617 0.026682
2 0.195487 0.304079 0.020905 0.031447
2 0.189858 0.326949 0.015009 0.021917
2 0.266509 0.324566 0.017153 0.026682
2 0.275622 0.310749 0.020369 0.031447
2 0.297331 0.476558 0.019833 0.027635
2 0.313143 0.634267 0.021441 0.045740
2 0.321184 0.563274 0.015009 0.031447
2 0.330296 0.595197 0.022513 0.026682
2 0.350397 0.623309 0.023049 0.029541
2 0.357365 0.649038 0.019833 0.031447
2 0.378270 0.652373 0.019833 0.026682
2 0.371033 0.681913 0.023585 0.043835
2 0.363529 0.718601 0.021441 0.027635
2 0.260077 0.722889 0.013937 0.022870
2 0.305103 0.492758 0.016081 0.023823
2 0.397298 0.596627 0.011792 0.021917
2 0.402123 0.575186 0.010720 0.024776
2 0.406947 0.588527 0.015009 0.020964
2 0.414987 0.720030 0.023585 0.034305
2 0.397298 0.631408 0.017153 0.030494
2 0.359241 0.599009 0.010720 0.024776
2 0.416059 0.668573 0.012864 0.020964
2 0.450901 0.702401 0.011792 0.027635
2 0.443932 0.728607 0.017153 0.022870
2 0.395422 0.777873 0.024121 0.052411
2 0.282322 0.705927 0.011256 0.020964
2 0.425440 0.828378 0.015545 0.040976
2 0.430264 0.786926 0.021977 0.038117
2 0.442056 0.757862 0.027337 0.033352
2 0.348789 0.129598 0.012328 0.026682
2 0.334316 0.110063 0.017689 0.025729
2 0.363529 0.122927 0.018225 0.028588
2 0.378538 0.021917 0.020369 0.034305
2 0.344768 0.028111 0.020369 0.025729
2 0.330028 0.071469 0.017689 0.034305
2 0.346108 0.072899 0.020905 0.033352
2 0.361653 0.062893 0.023049 0.020964
2 0.348789 0.100057 0.017689 0.030494
2 0.333244 0.006670 0.029481 0.013340
2 0.361117 0.015723 0.015545 0.031446
2 0.431068 0.180103 0.012864 0.024776
2 0.391938 0.295407 0.012864 0.028588
2 0.423563 0.391652 0.012864 0.026682
2 0.408019 0.307795 0.019297 0.026682
2 0.433480 0.316848 0.012328 0.021917
2 0.447148 0.383076 0.020369 0.024776
2 0.463229 0.327330 0.017153 0.035258
2 0.572159 0.904424 0.015331 0.026347
2 0.577525 0.890797 0.011754 0.029981
2 0.583401 0.913964 0.018397 0.027255
2 0.439033 0.829472 0.020953 0.041792
2 0.450276 0.847188 0.026063 0.039066
2 0.541752 0.854456 0.013798 0.026347
2 0.509301 0.822658 0.016353 0.031798
2 0.494481 0.813119 0.013287 0.025438
2 0.456408 0.744072 0.013798 0.018170
2 0.461263 0.758608 0.027596 0.027255
2 0.465607 0.775870 0.029129 0.039975
2 0.475828 0.797674 0.018908 0.038158
2 0.462030 0.819024 0.022997 0.031798
2 0.450276 0.792223 0.018908 0.032706
2 0.539963 0.876715 0.013287 0.021804
2 0.470462 0.912147 0.009199 0.019987
2 0.591578 0.584174 0.011243 0.025438
2 0.598733 0.542382 0.011243 0.023621
2 0.462285 0.376579 0.016353 0.024530
2 0.485027 0.376124 0.014820 0.038158
2 0.496780 0.377033 0.015842 0.021804
2 0.456919 0.364314 0.012776 0.021804
2 0.528209 0.336150 0.019419 0.032706
2 0.517478 0.310257 0.022486 0.028164
2 0.533064 0.318888 0.015842 0.025438
2 0.487837 0.341601 0.014309 0.027255
2 0.498058 0.345235 0.016353 0.025438
2 0.490904 0.433815 0.010221 0.015445
2 0.498314 0.427910 0.008688 0.027255
2 0.503168 0.436086 0.015331 0.016353
2 0.493203 0.455165 0.008688 0.023621
2 0.503424 0.454256 0.010732 0.019987
2 0.492948 0.489688 0.010221 0.014536
2 0.521566 0.497411 0.014309 0.019079
2 0.531531 0.485146 0.012776 0.019987
2 0.543540 0.492414 0.008177 0.023621
2 0.532809 0.500591 0.012265 0.025438
2 0.542263 0.516490 0.010732 0.024530
2 0.462393 0.215575 0.011752 0.026591
2 0.466667 0.227445 0.013889 0.025641
2 0.472276 0.240741 0.013355 0.023742
2 0.565224 0.514245 0.011218 0.023742
2 0.572436 0.516144 0.013889 0.016144
2 0.565491 0.536562 0.017094 0.024691
2 0.572169 0.555556 0.012286 0.022792
2 0.447436 0.325261 0.010684 0.048433
1 0.253277 0.683937 0.016386 0.022888
1 0.068735 0.253652 0.016872 0.024778
1 0.146127 0.259520 0.022007 0.041732
1 0.176570 0.278430 0.021273 0.040428
1 0.411678 0.345592 0.019073 0.031299
1 0.280736 0.466223 0.021273 0.029995
1 0.277069 0.990741 0.016872 0.018518
1 0.472198 0.435055 0.011004 0.028691
1 0.460992 0.968568 0.012982 0.023079
1 0.289441 0.639411 0.014837 0.024178
0 0.259480 0.609238 0.015215 0.033292
0 0.098550 0.279190 0.018646 0.036832
0 0.065746 0.329527 0.023481 0.046654
0 0.085773 0.341805 0.022099 0.031921
0 0.258771 0.553591 0.013122 0.033149
0 0.268094 0.523511 0.013812 0.031921
0 0.275691 0.548066 0.017956 0.027010
0 0.285359 0.586740 0.012431 0.023327
0 0.273619 0.603315 0.013812 0.024555
0 0.282942 0.604543 0.011740 0.022099
0 0.353729 0.696010 0.016575 0.047882
0 0.337845 0.685574 0.009669 0.027010
0 0.210428 0.794843 0.013122 0.027010
0 0.218370 0.797299 0.016575 0.034377
0 0.247376 0.823082 0.013812 0.029466
0 0.259116 0.810190 0.019337 0.023327
0 0.238398 0.810642 0.015193 0.031598
0 0.230674 0.790414 0.009986 0.021930
0 0.237723 0.779971 0.009986 0.030284
0 0.257401 0.782581 0.011748 0.020886
0 0.248884 0.793024 0.009986 0.029240
0 0.270912 0.747598 0.017622 0.017753
0 0.266212 0.764307 0.021147 0.021930
0 0.243891 0.749687 0.012923 0.028195
0 0.250059 0.725668 0.017035 0.024018
0 0.447133 0.914683 0.011748 0.026107
0 0.456238 0.929302 0.013510 0.026107
0 0.458000 0.881266 0.018210 0.028195
0 0.465343 0.894841 0.018797 0.019841
0 0.455651 0.727235 0.019384 0.022974
0 0.396323 0.735589 0.020559 0.035505
0 0.278254 0.687030 0.012336 0.028195
0 0.270912 0.723058 0.019972 0.018797
0 0.265625 0.689641 0.012923 0.022974