2 0.841038 0.012644 0.063679 0.025287
2 0.909434 0.038357 0.068396 0.076713
2 0.769693 0.104554 0.069575 0.101078
2 0.740802 0.151546 0.056604 0.085118
2 0.711321 0.113420 0.054245 0.072705
2 0.822759 0.141793 0.074292 0.097532
2 0.835141 0.204745 0.063679 0.102851
2 0.777948 0.202085 0.057783 0.104625
2 0.713679 0.238438 0.080189 0.095758
2 0.693632 0.173713 0.051887 0.076252
2 0.746108 0.359023 0.067217 0.081572
2 0.757311 0.434388 0.070755 0.101078
2 0.623467 0.324443 0.057783 0.072705
2 0.630542 0.380302 0.062500 0.092212
2 0.700708 0.378529 0.051887 0.095758
2 0.665920 0.433501 0.062500 0.095758
2 0.583373 0.403355 0.062500 0.095758
2 0.678302 0.518620 0.061321 0.127678
2 0.642925 0.608171 0.063679 0.097532
2 0.569811 0.531033 0.049528 0.102851
2 0.609316 0.559406 0.067217 0.099305
2 0.586321 0.647184 0.056604 0.104625
2 0.618160 0.703930 0.061321 0.118811
2 0.532665 0.650731 0.067217 0.097532
2 0.525000 0.557632 0.056604 0.092212
2 0.466038 0.744716 0.058962 0.093985
2 0.520283 0.728756 0.054245 0.079799
2 0.514976 0.798801 0.074292 0.092212
2 0.431840 0.827174 0.037736 0.102851
2 0.455425 0.842247 0.061321 0.118811
2 0.452476 0.906973 0.057783 0.063839
2 0.514387 0.886580 0.066038 0.101078
2 0.493160 0.950418 0.051887 0.086892
2 0.434198 0.975653 0.075472 0.048694
2 0.246698 0.936232 0.049528 0.058519
2 0.093986 0.856434 0.048349 0.051426
2 0.096344 0.826287 0.027123 0.047879
2 0.386439 0.707476 0.045991 0.076252
2 0.303302 0.337743 0.040094 0.056746
2 0.388208 0.231345 0.040094 0.060292
2 0.217807 0.490247 0.043632 0.056746
2 0.228420 0.427295 0.048349 0.054972
2 0.137028 0.906086 0.047170 0.065612
2 0.126415 0.992499 0.049528 0.015002
1 0.800354 0.281884 0.053066 0.108171
1 0.750236 0.269471 0.049528 0.072705
1 0.674764 0.311143 0.051887 0.095758
1 0.665920 0.666690 0.053066 0.069159
1 0.340448 0.735849 0.048349 0.069159
1 0.299175 0.844907 0.060142 0.085118
1 0.229009 0.978313 0.051887 0.043374
1 0.072170 0.951305 0.051887 0.063839
1 0.178302 0.679103 0.044811 0.065612
1 0.378774 0.321783 0.044811 0.074479
1 0.271462 0.973471 0.042453 0.044333
1 0.490802 0.369662 0.047170 0.070932
1 0.425943 0.216272 0.040094 0.051426
1 0.160613 0.719889 0.042453 0.062066
1 0.162972 0.656051 0.037736 0.058519
0 0.592217 0.020801 0.042453 0.041602
0 0.629363 0.021687 0.041274 0.043374
0 0.666509 0.034508 0.044811 0.067385
0 0.612264 0.087707 0.033019 0.053199
0 0.668868 0.101894 0.030660 0.039013
0 0.641745 0.085934 0.033019 0.070932
0 0.645283 0.141793 0.040094 0.069159
0 0.606368 0.135587 0.047170 0.070932
0 0.630542 0.195879 0.031840 0.042559
0 0.662382 0.200312 0.024764 0.072705
0 0.733726 0.039828 0.042453 0.067385
0 0.767335 0.027415 0.041274 0.039013
0 0.805071 0.046922 0.034198 0.049652
0 0.895873 0.096574 0.048349 0.085118
0 0.966627 0.204745 0.055425 0.060292
0 0.979009 0.116967 0.021226 0.079799
0 0.990094 0.129380 0.019811 0.143637
0 0.930660 0.206519 0.030660 0.056746
0 0.914151 0.307597 0.056604 0.081572
0 0.891156 0.370549 0.041274 0.076252
1 0.874057 0.215385 0.047170 0.074479
0 0.937146 0.417541 0.053066 0.074479
0 0.959552 0.309370 0.041274 0.078025
0 0.991863 0.253511 0.016274 0.072705
0 0.980071 0.367002 0.039858 0.086892
0 0.980660 0.433501 0.038679 0.074479
0 0.980660 0.492020 0.038679 0.067385
0 0.958962 0.524826 0.044811 0.058519
0 0.991863 0.545219 0.016274 0.060292
0 0.970755 0.584232 0.044811 0.074479
0 0.943632 0.595758 0.035377 0.072705
0 0.904127 0.632111 0.045991 0.074479
0 0.739033 0.521280 0.053066 0.065612
0 0.989505 0.668464 0.020990 0.086892
0 0.957193 0.655164 0.050708 0.056746
0 0.913561 0.703043 0.038915 0.067385
0 0.949528 0.714569 0.044811 0.076252
0 0.981250 0.950826 0.037500 0.098347
0 0.919458 0.922046 0.050708 0.083345
0 0.937736 0.973471 0.063679 0.044333
0 0.865802 0.836927 0.051887 0.093985
0 0.595755 0.864413 0.044811 0.088665
0 0.566274 0.801461 0.058962 0.090438
0 0.559198 0.880373 0.040094 0.095758
0 0.330425 0.981451 0.070755 0.028373
0 0.361085 0.934459 0.061321 0.065612
0 0.303891 0.919386 0.057783 0.063839
0 0.336321 0.870620 0.061321 0.079799
0 0.374057 0.822741 0.044811 0.065612
0 0.352241 0.791708 0.048349 0.056746
0 0.322170 0.775748 0.033019 0.056746
0 0.245519 0.709250 0.042453 0.069159
0 0.181250 0.814761 0.038915 0.067385
0 0.207783 0.848454 0.037736 0.046106
0 0.195401 0.891013 0.041274 0.046106
0 0.207193 0.912293 0.043632 0.070932
0 0.176533 0.947759 0.048349 0.074479
0 0.279717 0.750922 0.042453 0.070932
0 0.279717 0.692403 0.049528 0.060292
0 0.257901 0.648071 0.043632 0.070932
0 0.297995 0.629451 0.048349 0.076252
0 0.280896 0.606398 0.047170 0.047879
0 0.328066 0.643637 0.051887 0.051426
0 0.193632 0.621471 0.035377 0.074479
0 0.218396 0.658710 0.035377 0.074479
0 0.206014 0.585118 0.024764 0.051426
0 0.138208 0.778408 0.044811 0.072705
0 0.397052 0.454781 0.048349 0.060292
0 0.426533 0.483154 0.041274 0.060292
0 0.405307 0.513300 0.038915 0.056746
0 0.378774 0.554086 0.044811 0.056746
0 0.309788 0.529259 0.034198 0.049652
0 0.250825 0.509753 0.048349 0.056746
0 0.231368 0.539899 0.025943 0.042559
0 0.263208 0.408675 0.030660 0.078025
0 0.293278 0.382075 0.045991 0.074479
0 0.343986 0.411335 0.045991 0.058519
0 0.363443 0.506207 0.040094 0.056746
0 0.341038 0.484040 0.028302 0.054972
0 0.320401 0.472514 0.027123 0.053199
0 0.404717 0.415768 0.044811 0.039013
0 0.364623 0.372322 0.056604 0.047879
0 0.499057 0.287204 0.040094 0.076252
0 0.530307 0.367002 0.041274 0.065612
0 0.503774 0.420201 0.054245 0.047879
0 0.461321 0.437048 0.037736 0.067385
0 0.456604 0.378529 0.049528 0.060292
0 0.423585 0.374982 0.042453 0.070932
0 0.412382 0.310257 0.027123 0.051426
0 0.435967 0.314690 0.029481 0.063839
0 0.474882 0.321783 0.041274 0.067385
0 0.458962 0.264151 0.025943 0.069159
0 0.414741 0.262378 0.036557 0.054972
0 0.378774 0.276564 0.040094 0.044333
0 0.335731 0.213612 0.043632 0.060292
0 0.366391 0.165733 0.031840 0.074479
0 0.449528 0.165733 0.054245 0.078025
0 0.421226 0.124060 0.033019 0.065612
0 0.441274 0.097461 0.042453 0.076252
0 0.461321 0.033622 0.051887 0.065612
0 0.481368 0.064655 0.035377 0.070932
0 0.517335 0.088594 0.034198 0.065612
0 0.502005 0.033622 0.034198 0.040786
0 0.479599 0.132040 0.043632 0.063839
0 0.516745 0.152433 0.051887 0.065612