0 0.652948 0.890330 0.071934 0.188679
0 0.645873 0.667453 0.116745 0.172170
0 0.588090 0.455189 0.100236 0.143868
0 0.400000 0.641509 0.080189 0.181604
0 0.306840 0.208726 0.077830 0.117925
0 0.481368 0.890330 0.094340 0.183962
2 0.601061 0.581368 0.126179 0.169811
2 0.620519 0.774764 0.099057 0.198113
2 0.566274 0.966392 0.056604 0.067216
2 0.520873 0.725236 0.112028 0.183962
2 0.450118 0.625000 0.104953 0.238208
2 0.506722 0.491745 0.083726 0.202830
2 0.409434 0.463443 0.115566 0.169811
2 0.377005 0.553066 0.083726 0.132075
2 0.359906 0.250000 0.110849 0.191038
2 0.359316 0.126179 0.060142 0.127358
2 0.495519 0.143868 0.103774 0.214623
2 0.508491 0.340802 0.113208 0.179245