0 0.186898 0.68878 0.0382244 0.0291831
0 0.0781657 0.209539 0.037194 0.02463
2 0.368051 0.52633 0.0539019 0.0385478
2 0.289045 0.594974 0.0533741 0.0315483
0 0.471713 0.11799 0.0434085 0.0315684
2 0.332539 0.456304 0.0466403 0.0279288
0 0.110176 0.24891 0.0463363 0.0257847
0 0.149604 0.674791 0.0598743 0.0366516
0 0.0946167 0.227749 0.034891 0.0224959
0 0.127958 0.799011 0.0465475 0.0325986
2 0.266664 0.539479 0.0566077 0.0344746
0 0.182657 0.185221 0.0332809 0.0225986
2 0.317065 0.528596 0.0542594 0.0338354
0 0.19465 0.166459 0.0362582 0.0216501
0 0.151771 0.1811 0.0388176 0.0252072
2 0.427209 0.497187 0.048166 0.0332156
0 0.17943 0.774586 0.0503866 0.0325427
2 0.398083 0.552181 0.0483009 0.0294962
0 0.196429 0.746704 0.0486988 0.0280426
0 0.166342 0.159353 0.0310085 0.02149
0 0.033713 0.219497 0.0357563 0.0281638
