2 0.598101 0.608926 0.0429449 0.0481995
2 0.544343 0.587964 0.0417193 0.04619
2 0.466481 0.390202 0.0336101 0.0471232
2 0.579584 0.565934 0.0392439 0.0609009
2 0.44046 0.41436 0.0340839 0.0380415
2 0.776945 0.162997 0.0211191 0.0275024
2 0.416806 0.374347 0.031808 0.0481569
2 0.469056 0.435669 0.0335691 0.0480693
2 0.490063 0.422783 0.0335858 0.0459806
2 0.51917 0.493055 0.0405878 0.0463407
2 0.506675 0.627011 0.0421651 0.0521574
2 0.440412 0.45308 0.034744 0.0482363
2 0.568036 0.622052 0.036915 0.0534322
2 0.608239 0.576848 0.0299166 0.0388669
2 0.875615 0.136738 0.0224249 0.0323166
2 0.513152 0.531918 0.0382738 0.0455974
2 0.410661 0.436021 0.0364907 0.0458422
2 0.564481 0.547203 0.0287831 0.042783
2 0.386273 0.379582 0.0332451 0.0445841
2 0.854122 0.133524 0.0221481 0.027597
2 0.484538 0.486745 0.0363853 0.0488737
2 0.937149 0.0840134 0.0245413 0.0273134
2 0.477939 0.529628 0.0399989 0.045308
2 0.604326 0.586683 0.0358645 0.0555943
2 0.90785 0.0669117 0.0235963 0.0227197
2 0.800038 0.152957 0.0272971 0.0384705
2 0.536166 0.558672 0.0298776 0.0328235
2 0.677634 0.463276 0.0478212 0.0654102
2 0.400401 0.348624 0.024328 0.0357229
2 0.871956 0.105922 0.0210867 0.0236257
2 0.806592 0.192218 0.0321564 0.0411478
2 0.762708 0.15002 0.0300513 0.0378978
2 0.686378 0.23424 0.0296521 0.0366545
2 0.911818 0.0856891 0.0228316 0.0230627
2 0.952204 0.0778631 0.0206018 0.0259642
2 0.381868 0.346844 0.0176604 0.0281308
2 0.85497 0.167395 0.0279776 0.0378606
2 0.542699 0.578919 0.0418491 0.0628357
2 0.388287 0.422398 0.0291063 0.0428011
2 0.512528 0.586597 0.0295419 0.037531
2 0.36439 0.396193 0.0315429 0.0449022
2 0.399482 0.457562 0.0334687 0.0404216
2 0.538957 0.636001 0.0328993 0.0498695
2 0.586416 0.613844 0.0564307 0.0492613
2 0.919345 0.113922 0.0268268 0.0373042
