2 0.546226 0.392563 0.073113 0.109738
2 0.501415 0.343003 0.068396 0.109738
2 0.466627 0.392563 0.074292 0.084959
2 0.566863 0.339463 0.055425 0.077879
2 0.598703 0.426192 0.067217 0.102659
2 0.415330 0.457167 0.075472 0.100889
2 0.500825 0.441237 0.055425 0.083189
2 0.533255 0.492566 0.075472 0.107968
2 0.602241 0.518231 0.076651 0.099119
2 0.356368 0.514691 0.061321 0.084959
2 0.411792 0.523541 0.077830 0.113278
2 0.470165 0.526196 0.071934 0.111508
2 0.578656 0.587260 0.079009 0.106198
2 0.539741 0.636819 0.053066 0.077879
2 0.524410 0.577525 0.048349 0.069029
2 0.491391 0.620004 0.055425 0.097349
2 0.494340 0.693458 0.073113 0.084959
2 0.514976 0.766912 0.036557 0.065489
2 0.425354 0.627084 0.074292 0.100889
2 0.364623 0.596995 0.061321 0.104428
2 0.318042 0.833286 0.034198 0.035399
2 0.332193 0.797887 0.043632 0.046019
2 0.315684 0.889040 0.050708 0.065489
2 0.313325 0.983902 0.031840 0.032196
2 0.272052 0.965317 0.050708 0.069365
2 0.253774 0.918245 0.047170 0.070799
2 0.191274 0.946564 0.033019 0.053099
2 0.229009 0.954698 0.042453 0.090604
2 0.164151 0.988327 0.021226 0.023346
2 0.194811 0.981079 0.042453 0.026550
2 0.693632 0.450972 0.047170 0.067259
2 0.652358 0.507611 0.037736 0.063719
2 0.868160 0.527966 0.061321 0.065489
2 0.858726 0.464247 0.037736 0.097349
2 0.729599 0.471326 0.055425 0.072569
2 0.789741 0.460707 0.053066 0.069029
2 0.747288 0.418227 0.057783 0.090269
2 0.707783 0.361588 0.075472 0.086729
2 0.641745 0.313799 0.056604 0.079649
2 0.635849 0.230610 0.058962 0.086729
2 0.675354 0.197865 0.076651 0.088499
2 0.676533 0.142996 0.053066 0.067259
2 0.691863 0.271319 0.088443 0.072569
2 0.743160 0.307604 0.066038 0.088499
2 0.782075 0.364243 0.066038 0.084959
2 0.733137 0.135916 0.050708 0.095579
2 0.759670 0.128836 0.023585 0.077879
1 0.821580 0.409377 0.050708 0.065489
2 0.804481 0.273974 0.080189 0.095579
2 0.740802 0.214680 0.068396 0.100889
2 0.789151 0.183706 0.068396 0.077879
2 0.810377 0.111137 0.051887 0.095579
2 0.859316 0.200520 0.036557 0.072569
2 0.942453 0.213795 0.054245 0.099119
2 0.891156 0.190786 0.055425 0.127438
2 0.960141 0.138571 0.070755 0.100889
2 0.838679 0.082817 0.063679 0.095579
2 0.828656 0.022638 0.053066 0.038939
2 0.878774 0.019284 0.068396 0.038568
2 0.953066 0.042294 0.073113 0.084587
2 0.898231 0.079277 0.064858 0.099119