2 0.874517 0.874783 0.106435 0.107826
2 0.956384 0.903478 0.087232 0.123478
2 0.132800 0.926957 0.039913 0.090435
2 0.293284 0.663478 0.068185 0.088696
2 0.249213 0.645217 0.049891 0.107826
2 0.202648 0.640870 0.093130 0.109565
2 0.169387 0.560000 0.109761 0.097391
2 0.305756 0.586957 0.086478 0.092174
2 0.239235 0.536522 0.089804 0.095652
2 0.168555 0.448696 0.091467 0.111304
2 0.092887 0.380870 0.093130 0.052174
2 0.038838 0.324348 0.061533 0.071304
2 0.113675 0.317391 0.098120 0.085217
2 0.102865 0.286957 0.073174 0.080000
2 0.432979 0.653913 0.068185 0.083478
2 0.487860 0.652174 0.068185 0.100870
2 0.538583 0.667826 0.069848 0.066087
2 0.491186 0.751304 0.071511 0.048696
2 0.457925 0.527826 0.088141 0.074783
2 0.474555 0.470435 0.038250 0.074783
2 0.428822 0.464348 0.069848 0.097391
2 0.398887 0.508696 0.056543 0.074783
2 0.365626 0.419130 0.056543 0.059130
2 0.386414 0.352174 0.091467 0.074783
2 0.458756 0.331304 0.083152 0.085217
2 0.471229 0.286957 0.068185 0.034783
2 0.535256 0.293913 0.076500 0.090435
2 0.520289 0.374783 0.079826 0.092174
2 0.574338 0.387826 0.041576 0.100870
2 0.584316 0.582609 0.098120 0.066087
2 0.590968 0.526087 0.074837 0.057391
2 0.695740 0.641739 0.071511 0.083478
2 0.702392 0.680000 0.101446 0.093913
2 0.760599 0.623478 0.091467 0.071304
2 0.743137 0.592174 0.083152 0.078261
2 0.819637 0.568696 0.089804 0.093913
2 0.855392 0.533043 0.081489 0.064348
2 0.668300 0.546957 0.079826 0.092174
2 0.666637 0.494783 0.066522 0.088696
2 0.727338 0.511304 0.084815 0.097391
2 0.803006 0.497391 0.083152 0.097391
2 0.715697 0.459130 0.044902 0.083478
2 0.763925 0.464348 0.061533 0.100870
2 0.820468 0.440000 0.078163 0.086957
2 0.788039 0.780870 0.073174 0.062609
2 0.890316 0.712174 0.061533 0.043478
2 0.947691 0.773913 0.099783 0.086957
2 0.964322 0.727826 0.053217 0.053913
0 0.331534 0.192696 0.088141 0.083478
0 0.215952 0.171826 0.096457 0.121739
0 0.160240 0.039826 0.091467 0.079652
0 0.279979 0.019826 0.091467 0.039652
0 0.331534 0.037043 0.058207 0.046957
0 0.369784 0.085739 0.094793 0.095652
0 0.274990 0.080522 0.091467 0.088696
0 0.404708 0.173565 0.074837 0.069565
0 0.449610 0.244000 0.078163 0.081739
0 0.380593 0.286609 0.093130 0.069565
0 0.484534 0.416174 0.061533 0.067826
0 0.640028 0.182261 0.066522 0.090435
0 0.640028 0.141391 0.039913 0.029565
0 0.704887 0.171826 0.056543 0.086957
0 0.686593 0.244000 0.049891 0.067826
0 0.742305 0.269217 0.058207 0.069565
0 0.756441 0.216174 0.069848 0.064348
0 0.808827 0.072696 0.054880 0.093913
0 0.844583 0.052696 0.036587 0.067826
0 0.900295 0.090957 0.078163 0.078261
0 0.832110 0.135304 0.068185 0.073043
0 0.867865 0.377043 0.083152 0.086957
0 0.931061 0.330087 0.063196 0.080000
0 0.975131 0.377913 0.048228 0.095652
0 0.921083 0.402261 0.079826 0.099130
0 0.984655 0.460522 0.030689 0.076522
0 0.931061 0.469217 0.076500 0.080000
0 0.043117 0.203130 0.086234 0.086957
0 0.083740 0.421391 0.098120 0.088696
0 0.108686 0.493565 0.091467 0.086957
0 0.011398 0.433565 0.019957 0.092174
0 0.029813 0.355304 0.059626 0.078261