2 0.188325 0.530601 0.104953 0.148585
2 0.201887 0.675649 0.115566 0.173349
2 0.285613 0.697759 0.080189 0.143278
2 0.280307 0.496108 0.088443 0.182193
2 0.208962 0.437736 0.096698 0.090212
2 0.480189 0.432429 0.115566 0.160967
2 0.543868 0.412087 0.077830 0.145047
2 0.599292 0.474882 0.066038 0.132665
2 0.530896 0.560672 0.103774 0.166274
2 0.420047 0.560672 0.103774 0.145047
2 0.432429 0.682724 0.112028 0.141509
2 0.541509 0.691568 0.106132 0.155660
2 0.602830 0.616392 0.047170 0.037146
2 0.837500 0.480189 0.103774 0.168042
2 0.943632 0.449233 0.103774 0.169811
2 0.877005 0.357252 0.123821 0.081368
2 0.789151 0.558903 0.077830 0.120283